0,58.962367388271154,0,2
0,57.962367388271154,0,3
0,56.962367388271154,0,1
0,55.962367388271154,0,1
0,54.962367388271154,0,1
0,58.65810288286548,1,2
0,57.65810288286548,1,3
0,56.65810288286548,1,1
0,55.65810288286548,1,1
0,54.65810288286548,1,1
0,58.34718271192415,2,2
0,57.34718271192415,2,3
0,56.34718271192415,2,1
0,55.34718271192415,2,1
0,54.34718271192415,2,1
0,58.03159750251939,3,2
0,57.03159750251939,3,3
0,56.03159750251939,3,1
0,55.03159750251939,3,1
0,54.03159750251939,3,1
0,57.71345535954523,4,2
0,56.71345535954523,4,3
0,55.71345535954523,4,1
0,54.71345535954523,4,1
0,53.71345535954523,4,1
0,57.39494808713519,5,2
0,56.39494808713519,5,3
0,55.39494808713519,5,1
0,54.39494808713519,5,1
0,53.39494808713519,5,1
0,57.07833063611634,6,2
0,56.07833063611634,6,3
0,55.07833063611634,6,1
0,54.07833063611634,6,1
0,53.07833063611634,6,1
0,56.76587299548107,7,2
0,55.76587299548107,7,3
0,54.76587299548107,7,1
0,53.76587299548107,7,1
0,52.76587299548107,7,1
0,56.45983355958115,8,2
0,55.45983355958115,8,3
0,54.45983355958115,8,1
0,53.45983355958115,8,1
0,52.45983355958115,8,1
0,56.162426621460966,9,2
0,55.162426621460966,9,3
0,54.162426621460966,9,1
0,53.162426621460966,9,1
0,52.162426621460966,9,1
1,58.77126949972269,0,2
1,57.77126949972269,0,3
1,56.77126949972269,0,1
1,55.77126949972269,0,1
1,54.77126949972269,0,1
1,58.46700499431702,1,2
1,57.46700499431702,1,3
1,56.46700499431702,1,1
1,55.46700499431702,1,1
1,54.46700499431702,1,1
1,58.15608482337569,2,2
1,57.15608482337569,2,3
1,56.15608482337569,2,1
1,55.15608482337569,2,1
1,54.15608482337569,2,1
1,57.84049961397092,3,2
1,56.84049961397092,3,3
1,55.84049961397092,3,1
1,54.84049961397092,3,1
1,53.84049961397092,3,1
1,57.522357470996766,4,2
1,56.522357470996766,4,3
1,55.522357470996766,4,1
1,54.522357470996766,4,1
1,53.522357470996766,4,1
1,57.20385019858673,5,2
1,56.20385019858673,5,3
1,55.20385019858673,5,1
1,54.20385019858673,5,1
1,53.20385019858673,5,1
1,56.88723274756788,6,2
1,55.88723274756788,6,3
1,54.88723274756788,6,1
1,53.88723274756788,6,1
1,52.88723274756788,6,1
1,56.574775106932606,7,2
1,55.574775106932606,7,3
1,54.574775106932606,7,1
1,53.574775106932606,7,1
1,52.574775106932606,7,1
1,56.26873567103269,8,2
1,55.26873567103269,8,3
1,54.26873567103269,8,1
1,53.26873567103269,8,1
1,52.26873567103269,8,1
1,55.971328732912504,9,2
1,54.971328732912504,9,3
1,53.971328732912504,9,1
1,52.971328732912504,9,1
1,51.971328732912504,9,1
2,58.57723778384926,0,2
2,57.57723778384926,0,3
2,56.57723778384926,0,1
2,55.57723778384926,0,1
2,54.57723778384926,0,1
2,58.27297327844359,1,2
2,57.27297327844359,1,3
2,56.27297327844359,1,1
2,55.27297327844359,1,1
2,54.27297327844359,1,1
2,57.96205310750226,2,2
2,56.96205310750226,2,3
2,55.96205310750226,2,1
2,54.96205310750226,2,1
2,53.96205310750226,2,1
2,57.64646789809749,3,2
2,56.64646789809749,3,3
2,55.64646789809749,3,1
2,54.64646789809749,3,1
2,53.64646789809749,3,1
2,57.32832575512334,4,2
2,56.32832575512334,4,3
2,55.32832575512334,4,1
2,54.32832575512334,4,1
2,53.32832575512334,4,1
2,57.0098184827133,5,2
2,56.0098184827133,5,3
2,55.0098184827133,5,1
2,54.0098184827133,5,1
2,53.0098184827133,5,1
2,56.69320103169445,6,2
2,55.69320103169445,6,3
2,54.69320103169445,6,1
2,53.69320103169445,6,1
2,52.69320103169445,6,1
2,56.38074339105917,7,2
2,55.38074339105917,7,3
2,54.38074339105917,7,1
2,53.38074339105917,7,1
2,52.38074339105917,7,1
2,56.07470395515925,8,2
2,55.07470395515925,8,3
2,54.07470395515925,8,1
2,53.07470395515925,8,1
2,52.07470395515925,8,1
2,55.777297017039075,9,2
2,54.777297017039075,9,3
2,53.777297017039075,9,1
2,52.777297017039075,9,1
2,51.777297017039075,9,1
3,58.3807595876926,0,2
3,57.3807595876926,0,3
3,56.3807595876926,0,1
3,55.3807595876926,0,1
3,54.3807595876926,0,1
3,58.076495082286925,1,2
3,57.076495082286925,1,3
3,56.076495082286925,1,1
3,55.076495082286925,1,1
3,54.076495082286925,1,1
3,57.765574911345595,2,2
3,56.765574911345595,2,3
3,55.765574911345595,2,1
3,54.765574911345595,2,1
3,53.765574911345595,2,1
3,57.44998970194083,3,2
3,56.44998970194083,3,3
3,55.44998970194083,3,1
3,54.44998970194083,3,1
3,53.44998970194083,3,1
3,57.131847558966676,4,2
3,56.131847558966676,4,3
3,55.131847558966676,4,1
3,54.131847558966676,4,1
3,53.131847558966676,4,1
3,56.81334028655664,5,2
3,55.81334028655664,5,3
3,54.81334028655664,5,1
3,53.81334028655664,5,1
3,52.81334028655664,5,1
3,56.49672283553779,6,2
3,55.49672283553779,6,3
3,54.49672283553779,6,1
3,53.49672283553779,6,1
3,52.49672283553779,6,1
3,56.184265194902515,7,2
3,55.184265194902515,7,3
3,54.184265194902515,7,1
3,53.184265194902515,7,1
3,52.184265194902515,7,1
3,55.87822575900259,8,2
3,54.87822575900259,8,3
3,53.87822575900259,8,1
3,52.87822575900259,8,1
3,51.87822575900259,8,1
3,55.58081882088241,9,2
3,54.58081882088241,9,3
3,53.58081882088241,9,1
3,52.58081882088241,9,1
3,51.58081882088241,9,1
4,58.182330773857814,0,2
4,57.182330773857814,0,3
4,56.182330773857814,0,1
4,55.182330773857814,0,1
4,54.182330773857814,0,1
4,57.87806626845214,1,2
4,56.87806626845214,1,3
4,55.87806626845214,1,1
4,54.87806626845214,1,1
4,53.87806626845214,1,1
4,57.56714609751081,2,2
4,56.56714609751081,2,3
4,55.56714609751081,2,1
4,54.56714609751081,2,1
4,53.56714609751081,2,1
4,57.25156088810604,3,2
4,56.25156088810604,3,3
4,55.25156088810604,3,1
4,54.25156088810604,3,1
4,53.25156088810604,3,1
4,56.93341874513188,4,2
4,55.93341874513188,4,3
4,54.93341874513188,4,1
4,53.93341874513188,4,1
4,52.93341874513188,4,1
4,56.61491147272184,5,2
4,55.61491147272184,5,3
4,54.61491147272184,5,1
4,53.61491147272184,5,1
4,52.61491147272184,5,1
4,56.298294021703,6,2
4,55.298294021703,6,3
4,54.298294021703,6,1
4,53.298294021703,6,1
4,52.298294021703,6,1
4,55.98583638106772,7,2
4,54.98583638106772,7,3
4,53.98583638106772,7,1
4,52.98583638106772,7,1
4,51.98583638106772,7,1
4,55.6797969451678,8,2
4,54.6797969451678,8,3
4,53.6797969451678,8,1
4,52.6797969451678,8,1
4,51.6797969451678,8,1
4,55.38239000704762,9,2
4,54.38239000704762,9,3
4,53.38239000704762,9,1
4,52.38239000704762,9,1
4,51.38239000704762,9,1
5,57.982479437312726,0,2
5,56.982479437312726,0,3
5,55.982479437312726,0,1
5,54.982479437312726,0,1
5,53.982479437312726,0,1
5,57.67821493190705,1,2
5,56.67821493190705,1,3
5,55.67821493190705,1,1
5,54.67821493190705,1,1
5,53.67821493190705,1,1
5,57.36729476096572,2,2
5,56.36729476096572,2,3
5,55.36729476096572,2,1
5,54.36729476096572,2,1
5,53.36729476096572,2,1
5,57.051709551560954,3,2
5,56.051709551560954,3,3
5,55.051709551560954,3,1
5,54.051709551560954,3,1
5,53.051709551560954,3,1
5,56.733567408586794,4,2
5,55.733567408586794,4,3
5,54.733567408586794,4,1
5,53.733567408586794,4,1
5,52.733567408586794,4,1
5,56.41506013617676,5,2
5,55.41506013617676,5,3
5,54.41506013617676,5,1
5,53.41506013617676,5,1
5,52.41506013617676,5,1
5,56.09844268515791,6,2
5,55.09844268515791,6,3
5,54.09844268515791,6,1
5,53.09844268515791,6,1
5,52.09844268515791,6,1
5,55.78598504452263,7,2
5,54.78598504452263,7,3
5,53.78598504452263,7,1
5,52.78598504452263,7,1
5,51.78598504452263,7,1
5,55.479945608622714,8,2
5,54.479945608622714,8,3
5,53.479945608622714,8,1
5,52.479945608622714,8,1
5,51.479945608622714,8,1
5,55.18253867050254,9,2
5,54.18253867050254,9,3
5,53.18253867050254,9,1
5,52.18253867050254,9,1
5,51.18253867050254,9,1
6,57.78174055231524,0,2
6,56.78174055231524,0,3
6,55.78174055231524,0,1
6,54.78174055231524,0,1
6,53.78174055231524,0,1
6,57.477476046909565,1,2
6,56.477476046909565,1,3
6,55.477476046909565,1,1
6,54.477476046909565,1,1
6,53.477476046909565,1,1
6,57.166555875968236,2,2
6,56.166555875968236,2,3
6,55.166555875968236,2,1
6,54.166555875968236,2,1
6,53.166555875968236,2,1
6,56.85097066656347,3,2
6,55.85097066656347,3,3
6,54.85097066656347,3,1
6,53.85097066656347,3,1
6,52.85097066656347,3,1
6,56.53282852358931,4,2
6,55.53282852358931,4,3
6,54.53282852358931,4,1
6,53.53282852358931,4,1
6,52.53282852358931,4,1
6,56.21432125117927,5,2
6,55.21432125117927,5,3
6,54.21432125117927,5,1
6,53.21432125117927,5,1
6,52.21432125117927,5,1
6,55.89770380016043,6,2
6,54.89770380016043,6,3
6,53.89770380016043,6,1
6,52.89770380016043,6,1
6,51.89770380016043,6,1
6,55.58524615952515,7,2
6,54.58524615952515,7,3
6,53.58524615952515,7,1
6,52.58524615952515,7,1
6,51.58524615952515,7,1
6,55.27920672362523,8,2
6,54.27920672362523,8,3
6,53.27920672362523,8,1
6,52.27920672362523,8,1
6,51.27920672362523,8,1
6,54.981799785505046,9,2
6,53.981799785505046,9,3
6,52.981799785505046,9,1
6,51.981799785505046,9,1
6,50.981799785505046,9,1
7,57.58066570185593,0,2
7,56.58066570185593,0,3
7,55.58066570185593,0,1
7,54.58066570185593,0,1
7,53.58066570185593,0,1
7,57.27640119645025,1,2
7,56.27640119645025,1,3
7,55.27640119645025,1,1
7,54.27640119645025,1,1
7,53.27640119645025,1,1
7,56.96548102550892,2,2
7,55.96548102550892,2,3
7,54.96548102550892,2,1
7,53.96548102550892,2,1
7,52.96548102550892,2,1
7,56.64989581610416,3,2
7,55.64989581610416,3,3
7,54.64989581610416,3,1
7,53.64989581610416,3,1
7,52.64989581610416,3,1
7,56.33175367313,4,2
7,55.33175367313,4,3
7,54.33175367313,4,1
7,53.33175367313,4,1
7,52.33175367313,4,1
7,56.013246400719964,5,2
7,55.013246400719964,5,3
7,54.013246400719964,5,1
7,53.013246400719964,5,1
7,52.013246400719964,5,1
7,55.696628949701115,6,2
7,54.696628949701115,6,3
7,53.696628949701115,6,1
7,52.696628949701115,6,1
7,51.696628949701115,6,1
7,55.38417130906584,7,2
7,54.38417130906584,7,3
7,53.38417130906584,7,1
7,52.38417130906584,7,1
7,51.38417130906584,7,1
7,55.07813187316592,8,2
7,54.07813187316592,8,3
7,53.07813187316592,8,1
7,52.07813187316592,8,1
7,51.07813187316592,8,1
7,54.78072493504574,9,2
7,53.78072493504574,9,3
7,52.78072493504574,9,1
7,51.78072493504574,9,1
7,50.78072493504574,9,1
8,57.379818072523165,0,2
8,56.379818072523165,0,3
8,55.379818072523165,0,1
8,54.379818072523165,0,1
8,53.379818072523165,0,1
8,57.07555356711749,1,2
8,56.07555356711749,1,3
8,55.07555356711749,1,1
8,54.07555356711749,1,1
8,53.07555356711749,1,1
8,56.76463339617616,2,2
8,55.76463339617616,2,3
8,54.76463339617616,2,1
8,53.76463339617616,2,1
8,52.76463339617616,2,1
8,56.44904818677139,3,2
8,55.44904818677139,3,3
8,54.44904818677139,3,1
8,53.44904818677139,3,1
8,52.44904818677139,3,1
8,56.13090604379724,4,2
8,55.13090604379724,4,3
8,54.13090604379724,4,1
8,53.13090604379724,4,1
8,52.13090604379724,4,1
8,55.812398771387194,5,2
8,54.812398771387194,5,3
8,53.812398771387194,5,1
8,52.812398771387194,5,1
8,51.812398771387194,5,1
8,55.49578132036835,6,2
8,54.49578132036835,6,3
8,53.49578132036835,6,1
8,52.49578132036835,6,1
8,51.49578132036835,6,1
8,55.18332367973307,7,2
8,54.18332367973307,7,3
8,53.18332367973307,7,1
8,52.18332367973307,7,1
8,51.18332367973307,7,1
8,54.87728424383315,8,2
8,53.87728424383315,8,3
8,52.87728424383315,8,1
8,51.87728424383315,8,1
8,50.87728424383315,8,1
8,54.57987730571297,9,2
8,53.57987730571297,9,3
8,52.57987730571297,9,1
8,51.57987730571297,9,1
8,50.57987730571297,9,1
9,57.17976446583255,0,2
9,56.17976446583255,0,3
9,55.17976446583255,0,1
9,54.17976446583255,0,1
9,53.17976446583255,0,1
9,56.87549996042687,1,2
9,55.87549996042687,1,3
9,54.87549996042687,1,1
9,53.87549996042687,1,1
9,52.87549996042687,1,1
9,56.56457978948554,2,2
9,55.56457978948554,2,3
9,54.56457978948554,2,1
9,53.56457978948554,2,1
9,52.56457978948554,2,1
9,56.248994580080776,3,2
9,55.248994580080776,3,3
9,54.248994580080776,3,1
9,53.248994580080776,3,1
9,52.248994580080776,3,1
9,55.93085243710662,4,2
9,54.93085243710662,4,3
9,53.93085243710662,4,1
9,52.93085243710662,4,1
9,51.93085243710662,4,1
9,55.61234516469658,5,2
9,54.61234516469658,5,3
9,53.61234516469658,5,1
9,52.61234516469658,5,1
9,51.61234516469658,5,1
9,55.295727713677735,6,2
9,54.295727713677735,6,3
9,53.295727713677735,6,1
9,52.295727713677735,6,1
9,51.295727713677735,6,1
9,54.983270073042455,7,2
9,53.983270073042455,7,3
9,52.983270073042455,7,1
9,51.983270073042455,7,1
9,50.983270073042455,7,1
9,54.677230637142536,8,2
9,53.677230637142536,8,3
9,52.677230637142536,8,1
9,51.677230637142536,8,1
9,50.677230637142536,8,1
9,54.37982369902236,9,2
9,53.37982369902236,9,3
9,52.37982369902236,9,1
9,51.37982369902236,9,1
9,50.37982369902236,9,1
